0   1   1   eps
0   2   2   eps
0   3   3   eps
0   4   4   eps
0   5   5   eps
0   6   6   eps
0   7   7   eps
0   8   8   eps
0   9   9   eps
0   10  0   eps

1   11  1   1
1   12  2   1  
1   13  3   1
1   14  4   1
1   15  5   1
1   16  6   1
1   17  7   1
1   18  8   1
1   19  9   1
1   20  0   1
1   111 eps 1

2   21  1   2
2   22  2   2 
2   23  3   2
2   24  4   2
2   25  5   2
2   26  6   2
2   27  7   2
2   28  8   2
2   29  9   2
2   30  0   2
2   121 eps 2

3   31  1   3
3   32  2   3 
3   33  3   3
3   34  4   3
3   35  5   3
3   36  6   3
3   37  7   3
3   38  8   3
3   39  9   3
3   40  0   3
3   131 eps 3

4   41  1   4
4   42  2   4 
4   43  3   4
4   44  4   4
4   45  5   4
4   46  6   4
4   47  7   4
4   48  8   4
4   49  9   4
4   50  0   4
4   141 eps 4

5   51  1   5
5   52  2   5 
5   53  3   5
5   54  4   5
5   55  5   5
5   56  6   5
5   57  7   5
5   58  8   5
5   59  9   5
5   60  0   5
5   151 eps 5

6   61  1   6
6   62  2   6 
6   63  3   6
6   64  4   6
6   65  5   6
6   66  6   6
6   67  7   6
6   68  8   6
6   69  9   6
6   70  0   6
6   161 eps 6

7   71  1   7
7   72  2   7 
7   73  3   7
7   74  4   7
7   75  5   7
7   76  6   7
7   77  7   7
7   78  8   7
7   79  9   7
7   80  0   7
7   171 eps 7

8   81  1   8
8   82  2   8 
8   83  3   8
8   84  4   8
8   85  5   8
8   86  6   8
8   87  7   8
8   88  8   8
8   89  9   8
8   90  0   8
8   181 eps 8

9   91  1   9
9   92  2   9 
9   93  3   9
9   94  4   9
9   95  5   9
9   96  6   9
9   97  7   9
9   98  8   9
9   99  9   9
9   100 0   9
9   191 eps 9

10   101  1   0
10   102  2   0 
10   103  3   0
10   104  4   0
10   105  5   0
10   106  6   0
10   107  7   0
10   108  8   0
10   109  9   0
10   110  0   0
10  201 eps 0

11  1000    eps 1
12  1000    eps 2
13  1000    eps 3
14  1000    eps 4
15  1000    eps 5
16  1000    eps 6
17  1000    eps 7
18  1000    eps 8
19  1000    eps 9
20  1000    eps 0
21  1000    eps 1
22  1000    eps 2
23  1000    eps 3
24  1000    eps 4
25  1000    eps 5
26  1000    eps 6
27  1000    eps 7
28  1000    eps 8
29  1000    eps 9
30  1000    eps 0
31  1000    eps 1
32  1000    eps 2
33  1000    eps 3
34  1000    eps 4
35  1000    eps 5
36  1000    eps 6
37  1000    eps 7
38  1000    eps 8
39  1000    eps 9
40  1000    eps 0
41  1000    eps 1
42  1000    eps 2
43  1000    eps 3
44  1000    eps 4
45  1000    eps 5
46  1000    eps 6
47  1000    eps 7
48  1000    eps 8
49  1000    eps 9
50  1000    eps 0
51  1000    eps 1
52  1000    eps 2
53  1000    eps 3
54  1000    eps 4
55  1000    eps 5
56  1000    eps 6
57  1000    eps 7
58  1000    eps 8
59  1000    eps 9
60  1000    eps 0
61  1000    eps 1
62  1000    eps 2
63  1000    eps 3
64  1000    eps 4
65  1000    eps 5
66  1000    eps 6
67  1000    eps 7
68  1000    eps 8
69  1000    eps 9
70  1000    eps 0
71  1000    eps 1
72  1000    eps 2
73  1000    eps 3
74  1000    eps 4
75  1000    eps 5
76  1000    eps 6
77  1000    eps 7
78  1000    eps 8
79  1000    eps 9
80  1000    eps 0
81  1000    eps 1
82  1000    eps 2
83  1000    eps 3
84  1000    eps 4
85  1000    eps 5
86  1000    eps 6
87  1000    eps 7
88  1000    eps 8
89  1000    eps 9
90  1000    eps 0
91  1000    eps 1
92  1000    eps 2
93  1000    eps 3
94  1000    eps 4
95  1000    eps 5
96  1000    eps 6
97  1000    eps 7
98  1000    eps 8
99  1000    eps 9
100  1000    eps 0
101  1000    eps 1
102  1000    eps 2
103  1000    eps 3
104  1000    eps 4
105  1000    eps 5
106  1000    eps 6
107  1000    eps 7
108  1000    eps 8
109  1000    eps 9
110  1000    eps 0

111 112 eps 1
121 122 eps 2
131 132 eps 3  
141 142 eps 4
151 152 eps 5
161 162 eps 6
171 172 eps 7
181 182 eps 8
191 192 eps 9
201 202 eps 0

1000    1000    1   1
1000    1000    2   2
1000    1000    3   3
1000    1000    4   4
1000    1000    5   5
1000    1000    6   6
1000    1000    7   7
1000    1000    8   8
1000    1000    9   9
1000    1000    0   0

1000    1001    eps eps

112
122
132
142
152
162
172
182
192
202
1001
