0   1   1   1
0   1   2   2
0   1   3   3
0   1   4   4
0   1   5   5
0   1   6   6
0   1   7   7
0   1   8   8
0   1   9   9

1   2   1   1
1   2   2   2
1   2   3   3
1   2   4   4
1   2   5   5
1   2   6   6
1   2   7   7
1   2   8   8
1   2   9   9
1   2   0   0

2   3   1   1
2   3   2   2
2   3   3   3
2   3   4   4
2   3   5   5
2   3   6   6
2   3   7   7
2   3   8   8
2   3   9   9
2   3   0   0

3   4   1   1
3   4   2   2
3   4   3   3
3   4   4   4
3   4   5   5
3   4   6   6
3   4   7   7
3   4   8   8
3   4   9   9
3   4   0   0

4   4   1   1
4   4   2   2
4   4   3   3
4   4   4   4
4   4   5   5
4   4   6   6
4   4   7   7
4   4   8   8
4   4   9   9
4   4   0   0

4

0   100   1   0
0   200   2   0
0   300   3   0
0   400   4   0
0   500   5   0
0   600   6   0
0   700   7   0
0   800   8   0
0   900   9   0

100 101 eps 0
101 102 eps 0
102 103 eps 1
103


100 131 1   1
100 132 2   1
100 133 3   1  
100 134 4   1
100 135 5   1
100 136 6   1
100 137 7   1
100 138 8   1
100 139 9   1
100 140 0   1

131 121 1 1
131 122 2 1
131 123 3 1
131 124 4 1
131 125 5 1
131 126 6 1
131 127 7 1
131 128 8 1
131 129 9 1
131 130 0 1

132 121 1 2
132 122 2 2
132 123 3 2
132 124 4 2
132 125 5 2
132 126 6 2
132 127 7 2
132 128 8 2
132 129 9 2
132 130 0 2

133 121 1 3
133 122 2 3
133 123 3 3
133 124 4 3
133 125 5 3
133 126 6 3
133 127 7 3
133 128 8 3
133 129 9 3
133 130 0 3

134 121 1 4
134 122 2 4
134 123 3 4
134 124 4 4
134 125 5 4
134 126 6 4
134 127 7 4
134 128 8 4
134 129 9 4
134 130 0 4

135 121 1 5
135 122 2 5
135 123 3 5
135 124 4 5
135 125 5 5
135 126 6 5
135 127 7 5
135 128 8 5
135 129 9 5
135 130 0 5

136 121 1 6
136 122 2 6
136 123 3 6
136 124 4 6
136 125 5 6
136 126 6 6
136 127 7 6
136 128 8 6
136 129 9 6
136 130 0 6

137 121 1 7
137 122 2 7
137 123 3 7
137 124 4 7
137 125 5 7
137 126 6 7
137 127 7 7
137 128 8 7
137 129 9 7
137 130 0 7

138 121 1 8
138 122 2 8
138 123 3 8
138 124 4 8
138 125 5 8
138 126 6 8
138 127 7 8
138 128 8 8
138 129 9 8
138 130 0 8

139 121 1 9
139 122 2 9
139 123 3 9
139 124 4 9
139 125 5 9
139 126 6 9
139 127 7 9
139 128 8 9
139 129 9 9
139 130 0 9

140 121 1 0
140 122 2 0
140 123 3 0
140 124 4 0
140 125 5 0
140 126 6 0
140 127 7 0
140 128 8 0
140 129 9 0
140 130 0 0


100 111 1   0
100 112 2   0
100 113 3   0  
100 114 4   0
100 115 5   0
100 116 6   0
100 117 7   0
100 118 8   0
100 119 9   0
100 120 0   0

111 121 eps 1
112 122 eps 1
113 123 eps 1
114 124 eps 1
115 125 eps 1
116 126 eps 1
117 127 eps 1
118 128 eps 1
119 129 eps 1
120 130 eps 1

121 131 eps 1
122 131 eps 2
123 131 eps 3
124 131 eps 4
125 131 eps 5
126 131 eps 6
127 131 eps 7
128 131 eps 8
129 131 eps 9 
130 131 eps 0

131

200 201 eps 0
201 202 eps 0
202 203 eps 2
203

200 231 1   2
200 232 2   2
200 233 3   2  
200 234 4   2
200 235 5   2
200 236 6   2
200 237 7   2
200 238 8   2
200 239 9   2
200 240 0   2

231 121 1 1
231 122 2 1
231 123 3 1
231 124 4 1
231 125 5 1
231 126 6 1
231 127 7 1
231 128 8 1
231 129 9 1
231 130 0 1

232 121 1 2
232 122 2 2
232 123 3 2
232 124 4 2
232 125 5 2
232 126 6 2
232 127 7 2
232 128 8 2
232 129 9 2
232 130 0 2

233 121 1 3
233 122 2 3
233 123 3 3
233 124 4 3
233 125 5 3
233 126 6 3
233 127 7 3
233 128 8 3
233 129 9 3
233 130 0 3

234 121 1 4
234 122 2 4
234 123 3 4
234 124 4 4
234 125 5 4
234 126 6 4
234 127 7 4
234 128 8 4
234 129 9 4
234 130 0 4

235 121 1 5
235 122 2 5
235 123 3 5
235 124 4 5
235 125 5 5
235 126 6 5
235 127 7 5
235 128 8 5
235 129 9 5
235 130 0 5

236 121 1 6
236 122 2 6
236 123 3 6
236 124 4 6
236 125 5 6
236 126 6 6
236 127 7 6
236 128 8 6
236 129 9 6
236 130 0 6

237 121 1 7
237 122 2 7
237 123 3 7
237 124 4 7
237 125 5 7
237 126 6 7
237 127 7 7
237 128 8 7
237 129 9 7
237 130 0 7

238 121 1 8
238 122 2 8
238 123 3 8
238 124 4 8
238 125 5 8
238 126 6 8
238 127 7 8
238 128 8 8
238 129 9 8
238 130 0 8

239 121 1 9
239 122 2 9
239 123 3 9
239 124 4 9
239 125 5 9
239 126 6 9
239 127 7 9
239 128 8 9
239 129 9 9
239 130 0 9

240 121 1 0
240 122 2 0
240 123 3 0
240 124 4 0
240 125 5 0
240 126 6 0
240 127 7 0
240 128 8 0
240 129 9 0
240 130 0 0

200 211 1   0
200 212 2   0
200 213 3   0  
200 214 4   0
200 215 5   0
200 216 6   0
200 217 7   0
200 218 8   0
200 219 9   0
200 220 0   0

211 121 eps 2
212 122 eps 2
213 123 eps 2
214 124 eps 2
215 125 eps 2
216 126 eps 2
217 127 eps 2
218 128 eps 2
219 129 eps 2
220 130 eps 2



300 301 eps 0
301 302 eps 0
302 303 eps 3
303

300 331 1   3
300 332 2   3
300 333 3   3  
300 334 4   3
300 335 5   3
300 336 6   3
300 337 7   3
300 338 8   3
300 339 9   3
300 340 0   3

331 121 1 1
331 122 2 1
331 123 3 1
331 124 4 1
331 125 5 1
331 126 6 1
331 127 7 1
331 128 8 1
331 129 9 1
331 130 0 1

332 121 1 2
332 122 2 2
332 123 3 2
332 124 4 2
332 125 5 2
332 126 6 2
332 127 7 2
332 128 8 2
332 129 9 2
332 130 0 2

333 121 1 3
333 122 2 3
333 123 3 3
333 124 4 3
333 125 5 3
333 126 6 3
333 127 7 3
333 128 8 3
333 129 9 3
333 130 0 3

334 121 1 4
334 122 2 4
334 123 3 4
334 124 4 4
334 125 5 4
334 126 6 4
334 127 7 4
334 128 8 4
334 129 9 4
334 130 0 4

335 121 1 5
335 122 2 5
335 123 3 5
335 124 4 5
335 125 5 5
335 126 6 5
335 127 7 5
335 128 8 5
335 129 9 5
335 130 0 5

336 121 1 6
336 122 2 6
336 123 3 6
336 124 4 6
336 125 5 6
336 126 6 6
336 127 7 6
336 128 8 6
336 129 9 6
336 130 0 6

337 121 1 7
337 122 2 7
337 123 3 7
337 124 4 7
337 125 5 7
337 126 6 7
337 127 7 7
337 128 8 7
337 129 9 7
337 130 0 7

338 121 1 8
338 122 2 8
338 123 3 8
338 124 4 8
338 125 5 8
338 126 6 8
338 127 7 8
338 128 8 8
338 129 9 8
338 130 0 8

339 121 1 9
339 122 2 9
339 123 3 9
339 124 4 9
339 125 5 9
339 126 6 9
339 127 7 9
339 128 8 9
339 129 9 9
339 130 0 9

340 121 1 0
340 122 2 0
340 123 3 0
340 124 4 0
340 125 5 0
340 126 6 0
340 127 7 0
340 128 8 0
340 129 9 0
340 130 0 0

300 311 1   0
300 312 2   0
300 313 3   0  
300 314 4   0
300 315 5   0
300 316 6   0
300 317 7   0
300 318 8   0
300 319 9   0
300 320 0   0

311 121 eps 3
312 122 eps 3
313 123 eps 3
314 124 eps 3
315 125 eps 3
316 126 eps 3
317 127 eps 3
318 128 eps 3
319 129 eps 3
320 130 eps 3

400 401 eps 0
401 402 eps 0
402 403 eps 4
403


400 431 1   4
400 432 2   4
400 433 3   4  
400 434 4   4
400 435 5   4
400 436 6   4
400 437 7   4
400 438 8   4
400 439 9   4
400 440 0   4

431 121 1 1
431 122 2 1
431 123 3 1
431 124 4 1
431 125 5 1
431 126 6 1
431 127 7 1
431 128 8 1
431 129 9 1
431 130 0 1

432 121 1 2
432 122 2 2
432 123 3 2
432 124 4 2
432 125 5 2
432 126 6 2
432 127 7 2
432 128 8 2
432 129 9 2
432 130 0 2

433 121 1 3
433 122 2 3
433 123 3 3
433 124 4 3
433 125 5 3
433 126 6 3
433 127 7 3
433 128 8 3
433 129 9 3
433 130 0 3

434 121 1 4
434 122 2 4
434 123 3 4
434 124 4 4
434 125 5 4
434 126 6 4
434 127 7 4
434 128 8 4
434 129 9 4
434 130 0 4

435 121 1 5
435 122 2 5
435 123 3 5
435 124 4 5
435 125 5 5
435 126 6 5
435 127 7 5
435 128 8 5
435 129 9 5
435 130 0 5

436 121 1 6
436 122 2 6
436 123 3 6
436 124 4 6
436 125 5 6
436 126 6 6
436 127 7 6
436 128 8 6
436 129 9 6
436 130 0 6

437 121 1 7
437 122 2 7
437 123 3 7
437 124 4 7
437 125 5 7
437 126 6 7
437 127 7 7
437 128 8 7
437 129 9 7
437 130 0 7

438 121 1 8
438 122 2 8
438 123 3 8
438 124 4 8
438 125 5 8
438 126 6 8
438 127 7 8
438 128 8 8
438 129 9 8
438 130 0 8

439 121 1 9
439 122 2 9
439 123 3 9
439 124 4 9
439 125 5 9
439 126 6 9
439 127 7 9
439 128 8 9
439 129 9 9
439 130 0 9

440 121 1 0
440 122 2 0
440 123 3 0
440 124 4 0
440 125 5 0
440 126 6 0
440 127 7 0
440 128 8 0
440 129 9 0
440 130 0 0


400 411 1   0
400 412 2   0
400 413 3   0  
400 414 4   0
400 415 5   0
400 416 6   0
400 417 7   0
400 418 8   0
400 419 9   0
400 420 0   0

411 121 eps 4
412 121 eps 4
413 121 eps 4
414 121 eps 4
415 121 eps 4
416 121 eps 4
417 121 eps 4
418 121 eps 4
419 121 eps 4
420 121 eps 4

500 501 eps 0
501 502 eps 0
502 503 eps 5
503


500 531 1   5
500 532 2   5
500 533 3   5  
500 534 4   5
500 535 5   5
500 536 6   5
500 537 7   5
500 538 8   5
500 539 9   5
500 540 0   5

531 121 1 1
531 122 2 1
531 123 3 1
531 124 4 1
531 125 5 1
531 126 6 1
531 127 7 1
531 128 8 1
531 129 9 1
531 130 0 1

532 121 1 2
532 122 2 2
532 123 3 2
532 124 4 2
532 125 5 2
532 126 6 2
532 127 7 2
532 128 8 2
532 129 9 2
532 130 0 2

533 121 1 3
533 122 2 3
533 123 3 3
533 124 4 3
533 125 5 3
533 126 6 3
533 127 7 3
533 128 8 3
533 129 9 3
533 130 0 3

534 121 1 4
534 122 2 4
534 123 3 4
534 124 4 4
534 125 5 4
534 126 6 4
534 127 7 4
534 128 8 4
534 129 9 4
534 130 0 4

535 121 1 5
535 122 2 5
535 123 3 5
535 124 4 5
535 125 5 5
535 126 6 5
535 127 7 5
535 128 8 5
535 129 9 5
535 130 0 5

536 121 1 6
536 122 2 6
536 123 3 6
536 124 4 6
536 125 5 6
536 126 6 6
536 127 7 6
536 128 8 6
536 129 9 6
536 130 0 6

537 121 1 7
537 122 2 7
537 123 3 7
537 124 4 7
537 125 5 7
537 126 6 7
537 127 7 7
537 128 8 7
537 129 9 7
537 130 0 7

538 121 1 8
538 122 2 8
538 123 3 8
538 124 4 8
538 125 5 8
538 126 6 8
538 127 7 8
538 128 8 8
538 129 9 8
538 130 0 8

539 121 1 9
539 122 2 9
539 123 3 9
539 124 4 9
539 125 5 9
539 126 6 9
539 127 7 9
539 128 8 9
539 129 9 9
539 130 0 9

540 121 1 0
540 122 2 0
540 123 3 0
540 124 4 0
540 125 5 0
540 126 6 0
540 127 7 0
540 128 8 0
540 129 9 0
540 130 0 0

500 511 1   0
500 512 2   0
500 513 3   0  
500 514 4   0
500 515 5   0
500 516 6   0
500 517 7   0
500 518 8   0
500 519 9   0
500 520 0   0

511 121 eps 5
512 121 eps 5
513 121 eps 5
514 121 eps 5
515 121 eps 5
516 121 eps 5
517 121 eps 5
518 121 eps 5
519 121 eps 5
520 121 eps 5

600 601 eps 0
601 602 eps 0
602 603 eps 6
603


600 631 1   6
600 632 2   6
600 633 3   6  
600 634 4   6
600 635 5   6
600 636 6   6
600 637 7   6
600 638 8   6
600 639 9   6
600 640 0   6


631 121 1 1
631 122 2 1
631 123 3 1
631 124 4 1
631 125 5 1
631 126 6 1
631 127 7 1
631 128 8 1
631 129 9 1
631 130 0 1

632 121 1 2
632 122 2 2
632 123 3 2
632 124 4 2
632 125 5 2
632 126 6 2
632 127 7 2
632 128 8 2
632 129 9 2
632 130 0 2

633 121 1 3
633 122 2 3
633 123 3 3
633 124 4 3
633 125 5 3
633 126 6 3
633 127 7 3
633 128 8 3
633 129 9 3
633 130 0 3

634 121 1 4
634 122 2 4
634 123 3 4
634 124 4 4
634 125 5 4
634 126 6 4
634 127 7 4
634 128 8 4
634 129 9 4
634 130 0 4

635 121 1 5
635 122 2 5
635 123 3 5
635 124 4 5
635 125 5 5
635 126 6 5
635 127 7 5
635 128 8 5
635 129 9 5
635 130 0 5

636 121 1 6
636 122 2 6
636 123 3 6
636 124 4 6
636 125 5 6
636 126 6 6
636 127 7 6
636 128 8 6
636 129 9 6
636 130 0 6

637 121 1 7
637 122 2 7
637 123 3 7
637 124 4 7
637 125 5 7
637 126 6 7
637 127 7 7
637 128 8 7
637 129 9 7
637 130 0 7

638 121 1 8
638 122 2 8
638 123 3 8
638 124 4 8
638 125 5 8
638 126 6 8
638 127 7 8
638 128 8 8
638 129 9 8
638 130 0 8

639 121 1 9
639 122 2 9
639 123 3 9
639 124 4 9
639 125 5 9
639 126 6 9
639 127 7 9
639 128 8 9
639 129 9 9
639 130 0 9

640 121 1 0
640 122 2 0
640 123 3 0
640 124 4 0
640 125 5 0
640 126 6 0
640 127 7 0
640 128 8 0
640 129 9 0
640 130 0 0

600 611 1   0
600 612 2   0
600 613 3   0  
600 614 4   0
600 615 5   0
600 616 6   0
600 617 7   0
600 618 8   0
600 619 9   0
600 620 0   0

611 121 eps 6
612 122 eps 6
613 123 eps 6
614 124 eps 6
615 125 eps 6
616 126 eps 6
617 127 eps 6
618 128 eps 6
619 129 eps 6
620 130 eps 6

700 701 eps 0
701 702 eps 0
702 703 eps 7
703


700 731 1   7
700 732 2   7
700 733 3   7  
700 734 4   7
700 735 5   7
700 736 6   7
700 737 7   7
700 738 8   7
700 739 9   7
700 740 0   7

731 121 1 1
731 122 2 1
731 123 3 1
731 124 4 1
731 125 5 1
731 126 6 1
731 127 7 1
731 128 8 1
731 129 9 1
731 130 0 1

732 121 1 2
732 122 2 2
732 123 3 2
732 124 4 2
732 125 5 2
732 126 6 2
732 127 7 2
732 128 8 2
732 129 9 2
732 130 0 2

733 121 1 3
733 122 2 3
733 123 3 3
733 124 4 3
733 125 5 3
733 126 6 3
733 127 7 3
733 128 8 3
733 129 9 3
733 130 0 3

734 121 1 4
734 122 2 4
734 123 3 4
734 124 4 4
734 125 5 4
734 126 6 4
734 127 7 4
734 128 8 4
734 129 9 4
734 130 0 4

735 121 1 5
735 122 2 5
735 123 3 5
735 124 4 5
735 125 5 5
735 126 6 5
735 127 7 5
735 128 8 5
735 129 9 5
735 130 0 5

736 121 1 6
736 122 2 6
736 123 3 6
736 124 4 6
736 125 5 6
736 126 6 6
736 127 7 6
736 128 8 6
736 129 9 6
736 130 0 6

737 121 1 7
737 122 2 7
737 123 3 7
737 124 4 7
737 125 5 7
737 126 6 7
737 127 7 7
737 128 8 7
737 129 9 7
737 130 0 7

738 121 1 8
738 122 2 8
738 123 3 8
738 124 4 8
738 125 5 8
738 126 6 8
738 127 7 8
738 128 8 8
738 129 9 8
738 130 0 8

739 121 1 9
739 122 2 9
739 123 3 9
739 124 4 9
739 125 5 9
739 126 6 9
739 127 7 9
739 128 8 9
739 129 9 9
739 130 0 9

740 121 1 0
740 122 2 0
740 123 3 0
740 124 4 0
740 125 5 0
740 126 6 0
740 127 7 0
740 128 8 0
740 129 9 0
740 130 0 0


700 711 1   0
700 712 2   0
700 713 3   0  
700 714 4   0
700 715 5   0
700 716 6   0
700 717 7   0
700 718 8   0
700 719 9   0
700 720 0   0

711 121 eps 7
712 122 eps 7
713 123 eps 7
714 124 eps 7
715 125 eps 7
716 126 eps 7
717 127 eps 7
718 128 eps 7
719 129 eps 7
720 130 eps 7

800 801 eps 0
801 802 eps 0
802 803 eps 8
803


800 831 1   8
800 832 2   8
800 833 3   8  
800 834 4   8
800 835 5   8
800 836 6   8
800 837 7   8
800 838 8   8
800 839 9   8
800 840 0   8


831 121 1 1
831 122 2 1
831 123 3 1
831 124 4 1
831 125 5 1
831 126 6 1
831 127 7 1
831 128 8 1
831 129 9 1
831 130 0 1

832 121 1 2
832 122 2 2
832 123 3 2
832 124 4 2
832 125 5 2
832 126 6 2
832 127 7 2
832 128 8 2
832 129 9 2
832 130 0 2

833 121 1 3
833 122 2 3
833 123 3 3
833 124 4 3
833 125 5 3
833 126 6 3
833 127 7 3
833 128 8 3
833 129 9 3
833 130 0 3

834 121 1 4
834 122 2 4
834 123 3 4
834 124 4 4
834 125 5 4
834 126 6 4
834 127 7 4
834 128 8 4
834 129 9 4
834 130 0 4

835 121 1 5
835 122 2 5
835 123 3 5
835 124 4 5
835 125 5 5
835 126 6 5
835 127 7 5
835 128 8 5
835 129 9 5
835 130 0 5

836 121 1 6
836 122 2 6
836 123 3 6
836 124 4 6
836 125 5 6
836 126 6 6
836 127 7 6
836 128 8 6
836 129 9 6
836 130 0 6

837 121 1 7
837 122 2 7
837 123 3 7
837 124 4 7
837 125 5 7
837 126 6 7
837 127 7 7
837 128 8 7
837 129 9 7
837 130 0 7

838 121 1 8
838 122 2 8
838 123 3 8
838 124 4 8
838 125 5 8
838 126 6 8
838 127 7 8
838 128 8 8
838 129 9 8
838 130 0 8

839 121 1 9
839 122 2 9
839 123 3 9
839 124 4 9
839 125 5 9
839 126 6 9
839 127 7 9
839 128 8 9
839 129 9 9
839 130 0 9

840 121 1 0
840 122 2 0
840 123 3 0
840 124 4 0
840 125 5 0
840 126 6 0
840 127 7 0
840 128 8 0
840 129 9 0
840 130 0 0

800 811 1   0
800 812 2   0
800 813 3   0  
800 814 4   0
800 815 5   0
800 816 6   0
800 817 7   0
800 818 8   0
800 819 9   0
800 820 0   0

811 121 eps 8
812 122 eps 8
813 123 eps 8
814 124 eps 8
815 125 eps 8
816 126 eps 8
817 127 eps 8
818 128 eps 8
819 129 eps 8
820 130 eps 8

900 901 eps 0
901 902 eps 0
902 903 eps 9
903


900 931 1   9
900 932 2   9
900 933 3   9  
900 934 4   9
900 935 5   9
900 936 6   9
900 937 7   9
900 938 8   9
900 939 9   9
900 940 0   9


931 121 1 1
931 122 2 1
931 123 3 1
931 124 4 1
931 125 5 1
931 126 6 1
931 127 7 1
931 128 8 1
931 129 9 1
931 130 0 1

932 121 1 2
932 122 2 2
932 123 3 2
932 124 4 2
932 125 5 2
932 126 6 2
932 127 7 2
932 128 8 2
932 129 9 2
932 130 0 2

933 121 1 3
933 122 2 3
933 123 3 3
933 124 4 3
933 125 5 3
933 126 6 3
933 127 7 3
933 128 8 3
933 129 9 3
933 130 0 3

934 121 1 4
934 122 2 4
934 123 3 4
934 124 4 4
934 125 5 4
934 126 6 4
934 127 7 4
934 128 8 4
934 129 9 4
934 130 0 4

935 121 1 5
935 122 2 5
935 123 3 5
935 124 4 5
935 125 5 5
935 126 6 5
935 127 7 5
935 128 8 5
935 129 9 5
935 130 0 5

936 121 1 6
936 122 2 6
936 123 3 6
936 124 4 6
936 125 5 6
936 126 6 6
936 127 7 6
936 128 8 6
936 129 9 6
936 130 0 6

937 121 1 7
937 122 2 7
937 123 3 7
937 124 4 7
937 125 5 7
937 126 6 7
937 127 7 7
937 128 8 7
937 129 9 7
937 130 0 7

938 121 1 8
938 122 2 8
938 123 3 8
938 124 4 8
938 125 5 8
938 126 6 8
938 127 7 8
938 128 8 8
938 129 9 8
938 130 0 8

939 121 1 9
939 122 2 9
939 123 3 9
939 124 4 9
939 125 5 9
939 126 6 9
939 127 7 9
939 128 8 9
939 129 9 9
939 130 0 9

940 121 1 0
940 122 2 0
940 123 3 0
940 124 4 0
940 125 5 0
940 126 6 0
940 127 7 0
940 128 8 0
940 129 9 0
940 130 0 0

900 911 1   0
900 912 2   0
900 913 3   0  
900 914 4   0
900 915 5   0
900 916 6   0
900 917 7   0
900 918 8   0
900 919 9   0
900 920 0   0

911 121 eps 9
912 122 eps 9
913 123 eps 9
914 124 eps 9
915 125 eps 9
916 126 eps 9
917 127 eps 9
918 128 eps 9
919 129 eps 9
920 130 eps 9

