0   1   1   1
0   1   2   2
0   1   3   3
0   1   4   4
0   1   5   5
0   1   6   6
0   1   7   7
0   1   8   8
0   1   9   9

1   2   1   1
1   2   2   2
1   2   3   3
1   2   4   4
1   2   5   5
1   2   6   6
1   2   7   7
1   2   8   8
1   2   9   9
1   2   0   0

2   3   1   1
2   3   2   2
2   3   3   3
2   3   4   4
2   3   5   5
2   3   6   6
2   3   7   7
2   3   8   8
2   3   9   9
2   3   0   0

3   4   1   1
3   4   2   2
3   4   3   3
3   4   4   4
3   4   5   5
3   4   6   6
3   4   7   7
3   4   8   8
3   4   9   9
3   4   0   0

4   4   1   1
4   4   2   2
4   4   3   3
4   4   4   4
4   4   5   5
4   4   6   6
4   4   7   7
4   4   8   8
4   4   9   9
4   4   0   0

4

0   100   1   0
0   200   2   0
0   300   3   0
0   400   4   0
0   500   5   0
0   600   6   0
0   700   7   0
0   800   8   0
0   900   9   0

100 101 eps 0
101 102 eps 0
102 103 eps 1
103


100 131 1   1
100 132 2   1
100 133 3   1  
100 134 4   1
100 135 5   1
100 136 6   1
100 137 7   1
100 138 8   1
100 139 9   1
100 140 0   1

100 111 1   0
100 112 2   0
100 113 3   0  
100 114 4   0
100 115 5   0
100 116 6   0
100 117 7   0
100 118 8   0
100 119 9   0
100 120 0   0

111 121 eps 1
112 122 eps 1
113 123 eps 1
114 124 eps 1
115 125 eps 1
116 126 eps 1
117 127 eps 1
118 128 eps 1
119 129 eps 1
120 130 eps 1

121 131 eps 1
122 131 eps 2
123 131 eps 3
124 131 eps 4
125 131 eps 5
126 131 eps 6
127 131 eps 7
128 131 eps 8
129 131 eps 9 
130 131 eps 0

131

200 201 eps 0
201 202 eps 0
202 203 eps 2
203

200 231 1   2
200 232 2   2
200 233 3   2  
200 234 4   2
200 235 5   2
200 236 6   2
200 237 7   2
200 238 8   2
200 239 9   2
200 240 0   2

200 211 1   0
200 212 2   0
200 213 3   0  
200 214 4   0
200 215 5   0
200 216 6   0
200 217 7   0
200 218 8   0
200 219 9   0
200 220 0   0

211 121 eps 2
212 122 eps 2
213 123 eps 2
214 124 eps 2
215 125 eps 2
216 126 eps 2
217 127 eps 2
218 128 eps 2
219 129 eps 2
220 130 eps 2

300 301 eps 0
301 302 eps 0
302 303 eps 3
303

300 331 1   3
300 332 2   3
300 333 3   3  
300 334 4   3
300 335 5   3
300 336 6   3
300 337 7   3
300 338 8   3
300 339 9   3
300 340 0   3

300 311 1   0
300 312 2   0
300 313 3   0  
300 314 4   0
300 315 5   0
300 316 6   0
300 317 7   0
300 318 8   0
300 319 9   0
300 320 0   0

311 121 eps 3
312 122 eps 3
313 123 eps 3
314 124 eps 3
315 125 eps 3
316 126 eps 3
317 127 eps 3
318 128 eps 3
319 129 eps 3
320 130 eps 3

400 401 eps 0
401 402 eps 0
402 403 eps 4
403


400 431 1   4
400 432 2   4
400 433 3   4  
400 434 4   4
400 435 5   4
400 436 6   4
400 437 7   4
400 438 8   4
400 439 9   4
400 440 0   4

400 411 1   0
400 412 2   0
400 413 3   0  
400 414 4   0
400 415 5   0
400 416 6   0
400 417 7   0
400 418 8   0
400 419 9   0
400 420 0   0

411 121 eps 4
412 121 eps 4
413 121 eps 4
414 121 eps 4
415 121 eps 4
416 121 eps 4
417 121 eps 4
418 121 eps 4
419 121 eps 4
420 121 eps 4

500 501 eps 0
501 502 eps 0
502 503 eps 5
503


500 531 1   5
500 532 2   5
500 533 3   5  
500 534 4   5
500 535 5   5
500 536 6   5
500 537 7   5
500 538 8   5
500 539 9   5
500 540 0   5

500 511 1   0
500 512 2   0
500 513 3   0  
500 514 4   0
500 515 5   0
500 516 6   0
500 517 7   0
500 518 8   0
500 519 9   0
500 520 0   0

511 121 eps 5
512 121 eps 5
513 121 eps 5
514 121 eps 5
515 121 eps 5
516 121 eps 5
517 121 eps 5
518 121 eps 5
519 121 eps 5
520 121 eps 5

600 601 eps 0
601 602 eps 0
602 603 eps 6
603


600 631 1   6
600 632 2   6
600 633 3   6  
600 634 4   6
600 635 5   6
600 636 6   6
600 637 7   6
600 638 8   6
600 639 9   6
600 640 0   6

600 611 1   0
600 612 2   0
600 613 3   0  
600 614 4   0
600 615 5   0
600 616 6   0
600 617 7   0
600 618 8   0
600 619 9   0
600 620 0   0

611 121 eps 6
612 122 eps 6
613 123 eps 6
614 124 eps 6
615 125 eps 6
616 126 eps 6
617 127 eps 6
618 128 eps 6
619 129 eps 6
620 130 eps 6

700 701 eps 0
701 702 eps 0
702 703 eps 7
703


700 731 1   7
700 732 2   7
700 733 3   7  
700 734 4   7
700 735 5   7
700 736 6   7
700 737 7   7
700 738 8   7
700 739 9   7
700 740 0   7

700 711 1   0
700 712 2   0
700 713 3   0  
700 714 4   0
700 715 5   0
700 716 6   0
700 717 7   0
700 718 8   0
700 719 9   0
700 720 0   0

711 121 eps 7
712 122 eps 7
713 123 eps 7
714 124 eps 7
715 125 eps 7
716 126 eps 7
717 127 eps 7
718 128 eps 7
719 129 eps 7
720 130 eps 7

800 801 eps 0
801 802 eps 0
802 803 eps 8
803


800 831 1   8
800 832 2   8
800 833 3   8  
800 834 4   8
800 835 5   8
800 836 6   8
800 837 7   8
800 838 8   8
800 839 9   8
800 840 0   8


800 811 1   0
800 812 2   0
800 813 3   0  
800 814 4   0
800 815 5   0
800 816 6   0
800 817 7   0
800 818 8   0
800 819 9   0
800 820 0   0

811 121 eps 8
812 122 eps 8
813 123 eps 8
814 124 eps 8
815 125 eps 8
816 126 eps 8
817 127 eps 8
818 128 eps 8
819 129 eps 8
820 130 eps 8

900 901 eps 0
901 902 eps 0
902 903 eps 9
903


900 931 1   9
900 932 2   9
900 933 3   9  
900 934 4   9
900 935 5   9
900 936 6   9
900 937 7   9
900 938 8   9
900 939 9   9
900 940 0   9


900 911 1   0
900 912 2   0
900 913 3   0  
900 914 4   0
900 915 5   0
900 916 6   0
900 917 7   0
900 918 8   0
900 919 9   0
900 920 0   0

911 121 eps 9
912 122 eps 9
913 123 eps 9
914 124 eps 9
915 125 eps 9
916 126 eps 9
917 127 eps 9
918 128 eps 9
919 129 eps 9
920 130 eps 9

